# 0=livre,1=ilha,2=limpo

111111100000111111100000111111100000111111100000111111100000111111100000111
111111100000111111100000111111100000111111100000111111100000111111100000111
111111100000111111100000111111100000111111100000111111100000111111100000111
111111100000111111100000111111100000111111100000111111100000111111100000111
111111100000111111100000111111100000111111100000111111100000111111100000111
111111100000111111100000111111100000111111100000111111100000111111100000111
000000000000000000000000000000000000000000000000000000000000000000000000000
000000000000000000000000000000000000000000000000000000000000000000000000000
000000000000000000000000000000000000000000000000000000000000000000000000000
000000000000000000000000000000000000000000000000000000000000000000000000000
000000000000000000000000000000000000000000000000000000000000000000000000000
111111100000111111100000111111100000111111100000111111100000111111100000111
111111100000111111100000111111100000111111100000111111100000111111100000111
111111100000111111100000111111100000111111100000111111100000111111100000111
111111100000111111100000111111100000111111100000111111100000111111100000111
111111100000111111100000111111100000111111100000111111100000111111100000111
111111100000111111100000111111100000111111100000111111100000111111100000111
111111100000111111100000111111100000111111100000111111100000111111100000111
000000000000000000000000000000000000000000000000000000000000000000000000000
000000000000000000000000000000000000000000000000000000000000000000000000000
000000000000000000000000000000000000000000000000000000000000000000000000000
000000000000000000000000000000000000000000000000000000000000000000000000000
000000000000000000000000000000000000000000000000000000000000000000000000000
111111100000111111100000111111100000111111100000111111100000111111100000111
111111100000111111100000111111100000111111100000111111100000111111100000111
111111100000111111100000111111100000111111100000111111100000111111100000111
111111100000111111100000111111100000111111100000111111100000111111100000111
111111100000111111100000111111100000111111100000111111100000111111100000111
111111100000111111100000111111100000111111100000111111100000111111100000111
111111100000111111100000111111100000111111100000111111100000111111100000111
000000000000000000000000000000000000000000000000000000000000000000000000000
000000000000000000000000000000000000000000000000000000000000000000000000000
000000000000000000000000000000000000000000000000000000000000000000000000000
000000000000000000000000000000000000000000000000000000000000000000000000000
000000000000000000000000000000000000000000000000000000000000000000000000000
111111100000111111100000111111100000111111100000111111100000111111100000111
111111100000111111100000111111100000111111100000111111100000111111100000111
111111100000111111100000111111100000111111100000111111100000111111100000111
111111100000111111100000111111100000111111100000111111100000111111100000111
111111100000111111100000111111100000111111100000111111100000111111100000111
111111100000111111100000111111100000111111100000111111100000111111100000111
111111100000111111100000111111100000111111100000111111100000111111100000111
000000000000000000000000000000000000000000000000000000000000000000000000000
000000000000000000000000000000000000000000000000000000000000000000000000000
000000000000000000000000000000000000000000000000000000000000000000000000000
000000000000000000000000000000000000000000000000000000000000000000000000000
000000000000000000000000000000000000000000000000000000000000000000000000000
111111100000111111100000111111100000111111100000111111100000111111100000111
111111100000111111100000111111100000111111100000111111100000111111100000111
111111100000111111100000111111100000111111100000111111100000111111100000111
111111100000111111100000111111100000111111100000111111100000111111100000111
111111100000111111100000111111100000111111100000111111100000111111100000111
111111100000111111100000111111100000111111100000111111100000111111100000111
111111100000111111100000111111100000111111100000111111100000111111100000111
000000000000000000000000000000000000000000000000000000000000000000000000000
000000000000000000000000000000000000000000000000000000000000000000000000000
000000000000000000000000000000000000000000000000000000000000000000000000000
000000000000000000000000000000000000000000000000000000000000000000000000000
000000000000000000000000000000000000000000000000000000000000000000000000000
111111100000111111100000111111100000111111100000111111100000111111100000111
111111100000111111100000111111100000111111100000111111100000111111100000111
111111100000111111100000111111100000111111100000111111100000111111100000111
111111100000111111100000111111100000111111100000111111100000111111100000111
111111100000111111100000111111100000111111100000111111100000111111100000111
111111100000111111100000111111100000111111100000111111100000111111100000111
111111100000111111100000111111100000111111100000111111100000111111100000111
000000000000000000000000000000000000000000000000000000000000000000000000000
000000000000000000000000000000000000000000000000000000000000000000000000000
000000000000000000000000000000000000000000000000000000000000000000000000000
000000000000000000000000000000000000000000000000000000000000000000000000000
000000000000000000000000000000000000000000000000000000000000000000000000000
111111100000111111100000111111100000111111100000111111100000111111100000111
111111100000111111100000111111100000111111100000111111100000111111100000111
111111100000111111100000111111100000111111100000111111100000111111100000111
111111100000111111100000111111100000111111100000111111100000111111100000111
111111100000111111100000111111100000111111100000111111100000111111100000111
111111100000111111100000111111100000111111100000111111100000111111100000111
111111100000111111100000111111100000111111100000111111100000111111100000111
000000000000000000000000000000000000000000000000000000000000000000000000000
000000000000000000000000000000000000000000000000000000000000000000000000000
000000000000000000000000000000000000000000000000000000000000000000000000000
000000000000000000000000000000000000000000000000000000000000000000000000000
000000000000000000000000000000000000000000000000000000000000000000000000000
111111100000111111100000111111100000111111100000111111100000111111100000111
111111100000111111100000111111100000111111100000111111100000111111100000111
111111100000111111100000111111100000111111100000111111100000111111100000111
111111100000111111100000111111100000111111100000111111100000111111100000111
111111100000111111100000111111100000111111100000111111100000111111100000111
111111100000111111100000111111100000111111100000111111100000111111100000111
111111100000111111100000111111100000111111100000111111100000111111100000111
000000000000000000000000000000000000000000000000000000000000000000000000000
000000000000000000000000000000000000000000000000000000000000000000000000000
000000000000000000000000000000000000000000000000000000000000000000000000000
000000000000000000000000000000000000000000000000000000000000000000000000000
000000000000000000000000000000000000000000000000000000000000000000000000000
111111100000111111100000111111100000111111100000111111100000111111100000111
111111100000111111100000111111100000111111100000111111100000111111100000111
111111100000111111100000111111100000111111100000111111100000111111100000111
111111100000111111100000111111100000111111100000111111100000111111100000111
111111100000111111100000111111100000111111100000111111100000111111100000111
111111100000111111100000111111100000111111100000111111100000111111100000111
111111100000111111100000111111100000111111100000111111100000111111100000111
000000000000000000000000000000000000000000000000000000000000000000000000000
000000000000000000000000000000000000000000000000000000000000000000000000000
000000000000000000000000000000000000000000000000000000000000000000000000000
000000000000000000000000000000000000000000000000000000000000000000000000000
000000000000000000000000000000000000000000000000000000000000000000000000000
111111100000111111100000111111100000111111100000111111100000111111100000111
111111100000111111100000111111100000111111100000111111100000111111100000111
111111100000111111100000111111100000111111100000111111100000111111100000111
111111100000111111100000111111100000111111100000111111100000111111100000111
111111100000111111100000111111100000111111100000111111100000111111100000111
111111100000111111100000111111100000111111100000111111100000111111100000111
111111100000111111100000111111100000111111100000111111100000111111100000111
000000000000000000000000000000000000000000000000000000000000000000000000000
000000000000000000000000000000000000000000000000000000000000000000000000000
000000000000000000000000000000000000000000000000000000000000000000000000000
000000000000000000000000000000000000000000000000000000000000000000000000000
000000000000000000000000000000000000000000000000000000000000000000000000000
111111100000111111100000111111100000111111100000111111100000111111100000111
111111100000111111100000111111100000111111100000111111100000111111100000111
111111100000111111100000111111100000111111100000111111100000111111100000111
111111100000111111100000111111100000111111100000111111100000111111100000111
111111100000111111100000111111100000111111100000111111100000111111100000111
111111100000111111100000111111100000111111100000111111100000111111100000111
111111100000111111100000111111100000111111100000111111100000111111100000111
000000000000000000000000000000000000000000000000000000000000000000000000000
000000000000000000000000000000000000000000000000000000000000000000000000000
000000000000000000000000000000000000000000000000000000000000000000000000000
000000000000000000000000000000000000000000000000000000000000000000000000000
000000000000000000000000000000000000000000000000000000000000000000000000000
111111100000111111100000111111100000111111100000111111100000111111100000111
111111100000111111100000111111100000111111100000111111100000111111100000111
111111100000111111100000111111100000111111100000111111100000111111100000111
111111100000111111100000111111100000111111100000111111100000111111100000111
111111100000111111100000111111100000111111100000111111100000111111100000111
111111100000111111100000111111100000111111100000111111100000111111100000111
111111100000111111100000111111100000111111100000111111100000111111100000111
000000000000000000000000000000000000000000000000000000000000000000000000000
000000000000000000000000000000000000000000000000000000000000000000000000000
000000000000000000000000000000000000000000000000000000000000000000000000000
000000000000000000000000000000000000000000000000000000000000000000000000000
000000000000000000000000000000000000000000000000000000000000000000000000000
111111100000111111100000111111100000111111100000111111100000111111100000111
111111100000111111100000111111100000111111100000111111100000111111100000111
111111100000111111100000111111100000111111100000111111100000111111100000111
111111100000111111100000111111100000111111100000111111100000111111100000111
111111100000111111100000111111100000111111100000111111100000111111100000111
111111100000111111100000111111100000111111100000111111100000111111100000111
111111100000111111100000111111100000111111100000111111100000111111100000111
